100
10024
10025
10028
10029
10031
10032
10034
10037
1004
10043
10047
10051
1006
10063
10065
10070
10085
10084
10088
10089
1009
10097
101
10104
10109
10130
10138
10171
10176
10181
10188
10189
10193
10195
10197
102
10205
10206
10216
10219
10223
10225
10233
10236
10237
10238
10239
10240
10251
10256
10261
10262
10263
10271
103
10314
10321
10322
10336
10342
10345
10350
10360
1037
104
1040
10402
10415
10420
10421
10422
10423
10424
10427
10429
10492
10537
10546
10558
1056
10565
10566
10568
1057
10578
1058
10580
10585
10587
10590
10599
106
1060
10614
10626
10632
10633
10636
1065
10666
1067
10673
10675
1068
1069
10696
107
10715
10719
10720
10721
10724
10726
10727
10728
10729
10730
10738
10740
10742
10743
10762
10763
108
10825
10841
10852
10853
10854
10858
10860
10862
10863
10864
10865
10869
10874
10884
10895
10899
109
10905
10977
10981
10984
10985
110
11064
11068
11070
11071
11074
11077
11079
111
11123
11128
11129
11136
11145
11147
11150
11155
11164
11171
112
11217
11231
1124
11249
1125
11279
11281
11284
11285
11288
11289
11291
11293
11294
11296
11298
113
11301
11308
1131
11314
11326
1134
11355
11361
11406
11409
11415
11424
11431
11449
1145
11452
11455
11463
11467
1147
11480
11536
11566
11579
11580
11583
11598
11599
11609
11611
11613
11618
11655
11659
11660
11665
11673
11680
11685
11686
11695
11700
11703
11704
11719
11722
11765
11787
1179
11791
11793
11794
1181
11825
11843
1188
1189
1190
1192
1193
11948
1197
11984
1201
1206
12071
12076
12077
12078
12119
12120
1214
12148
12167
12180
1220
1226
12284
12300
12350
12360
12387
12449
12450
12518
1254
12563
1258
12601
12620
12627
1265
12652
12668
1274
12747
12748
1275
12764
12766
12767
12768
12769
12771
12773
12778
12779
1278
12781
12782
12783
12784
12785
12788
12789
12791
12793
12794
12798
12801
12802
12803
12804
12895
12899
12904
12906
12908
12913
12917
12919
12921
12922
12924
12929
12931
12935
12939
12942
12949
12962
12971
12975
12982
12986
12988
12992
13002
13005
13009
13010
13014
13019
13020
13029
13035
13039
13041
13044
13053
13055
13059
13067
13079
13087
1309
13091
13099
13100
13101
13106
13109
13111
13126
13127
13132
1314
13148
13163
13168
13177
13183
13186
13191
13193
13199
13204
13206
13212
13230
13251
13262
13266
13267
13268
13270
13271
13272
13274
13276
13279
1328
13280
13282
13283
13285
13287
13288
13289
13291
13292
13295
13297
13298
13299
133
13300
13301
13304
13305
13307
13308
13310
13314
13327
13328
1333
13332
13337
13338
13348
13351
13361
13362
13379
13381
13397
13398
134
13426
13428
13440
13447
13451
13452
13453
13454
13457
13459
13460
13461
13463
13464
13465
13466
13468
13469
13472
13473
13475
13476
13477
13478
13480
13484
13485
13486
13487
13488
13489
13493
13494
13496
13497
13498
13499
13502
13503
13504
13505
13508
13509
13510
13514
13518
13519
13522
13523
13524
13526
13527
13529
13531
13532
13533
13536
13541
13544
13547
13550
13552
13557
13559
13561
13562
13570
13573
13574
13578
13579
13580
13584
13585
13586
13589
13591
13594
13595
13598
13611
13616
1362
13628
13632
13635
13641
13648
13649
13651
13657
13659
13660
13661
13662
13664
13665
13666
13667
13669
13670
13671
13673
13674
13675
13676
13677
13678
13681
13682
13683
13684
13686
13687
13690
13691
13694
13695
13696
13697
13699
137
13700
13702
13703
13704
13707
13708
13709
13711
13713
13715
13716
13718
13721
13722
13723
13726
13729
13731
13733
13737
13739
13741
13743
13744
13750
13753
13756
13766
13774
13839
13883
13885
13904
13907
13913
13921
13946
13951
1398
13982
14027
14032
14039
1404
14042
14057
14061
14067
14074
14075
14076
14080
14087
14088
14091
14153
14156
14166
1417
14176
14181
14182
1419
14194
14196
14198
142
14201
14207
14210
14235
14243
14244
14247
14253
14254
14255
14256
14260
14268
14269
14273
14274
14275
14277
14279
1428
14281
14322
14353
1438
14388
14393
14401
14410
14411
14413
14426
1443
14431
14432
14438
14440
14443
14444
14453
1446
14474
14491
14494
14500
14506
14512
14513
14515
14521
14535
1456
14567
14583
1459
14599
146
1460
14608
14609
1464
14643
1467
14674
14675
1468
14681
1469
147
1470
14720
14728
14729
1473
14732
14735
14738
1475
1476
1477
14777
1478
1479
148
1480
14824
14842
14895
149
14915
14918
14953
14957
1496
14960
14963
14964
14965
14967
14968
1497
14970
14971
14978
14981
14986
1499
14996
14997
1500
1502
1503
15031
15037
15049
1505
1506
1507
15095
151
1510
15119
15121
1513
1516
1517
1519
1521
15217
15223
15229
15245
15252
15269
15271
15279
15282
15289
15295
15297
15299
15300
15302
15306
15309
15310
15314
15316
15317
15319
15322
15326
15329
15336
15347
15393
15394
15395
1542
15424
15429
15435
15437
15446
15459
15462
15467
15493
1553
15544
15594
15599
15603
15609
15615
15617
15628
15629
15633
15642
15669
1569
15708
1573
15733
1577
1578
15781
15836
1584
1585
15850
15858
15859
1587
15873
15874
15875
1588
15902
15903
15904
15907
15908
15910
15911
15916
15918
15922
15924
15928
15930
15932
15933
15935
15938
15940
15941
15945
15947
15950
15951
15961
15967
1597
15973
15975
15996
16040
16044
16045
16048
16051
16052
16053
16056
16066
16079
1608
16091
16093
16095
16098
16100
16101
16106
16107
16113
16130
16139
16140
16147
16153
16154
16162
1618
16189
16190
16195
16201
16203
16210
1622
16222
16227
16234
16235
16236
16238
16239
16240
16246
16249
16251
16252
16254
16297
1630
16304
16310
16316
16319
16323
16329
16333
16339
16347
16348
16350
1636
16369
16387
16405
16409
16412
16413
16422
16428
16443
16444
16445
16448
16449
16451
16452
16455
16476
16479
16484
16486
16500
16514
16516
16529
16544
16546
16547
16549
16563
16566
16597
16600
16611
16622
16625
16630
16633
16634
16640
16650
16654
16657
16660
16663
16666
16682
16697
1670
16702
16713
16787
16794
16799
16805
16815
16830
16834
16835
16842
16870
16889
16907
16910
16928
16947
16949
16956
16957
16958
16986
16994
17021
17026
17046
1705
17056
1706
17060
17114
17119
17125
17150
17151
17156
17161
17167
17168
17187
17189
17234
1725
1727
17280
17314
17343
1736
17361
17367
17377
17380
17389
17392
17395
17399
17409
17415
17417
17434
17438
17437
17444
17449
1747
17482
17485
17486
17487
17491
17499
1750
17517
17518
17536
17542
17543
17548
17549
17552
17587
17596
17597
17602
17613
1762
17623
17635
17640
17643
17644
17658
17662
17668
17671
17673
17682
1769
17690
17699
17715
17718
17717
17719
17722
17727
1773
17730
17736
17742
17747
17758
17753
17763
17767
17774
17782
17795
17802
17842
17852
17857
17858
17861
17862
17898
17899
179
17908
17923
17939
17942
17951
17973
17982
180
18006
18008
18010
18011
18016
18027
18032
18033
18036
1807
18074
18078
1808
18087
18096
18103
18105
18107
18112
1813
18131
18132
1814
18141
18144
18145
18162
18166
18167
18170
1819
182
18206
18222
18226
18227
18240
18252
18282
18285
18286
18287
18289
1829
18291
18293
18296
18297
183
18300
18305
18307
18334
18338
18344
18360
18365
1839
18399
18405
1841
18419
18420
18421
18432
18433
18434
18438
18439
18442
18447
18466
18473
18482
18483
18487
18491
18492
18497
185
18515
18521
18527
18531
18532
18536
18538
1856
18560
1857
1858
18591
186
18603
18604
18614
18619
18628
1865
18650
18662
18666
18667
18669
18673
1868
18686
18698
187
18727
18730
18731
18734
18742
18749
1875
18760
18765
18790
18798
188
1880
18803
1881
1882
18836
1884
1888
18885
18895
18898
189
1890
1892
18923
18924
1895
18970
18984
1899
18992
19004
19010
19011
19021
19027
19031
19034
19041
19054
19058
19067
1907
19071
19072
19073
19076
19080
1910
19114
19125
1914
19142
19161
1917
19170
19173
1922
1923
19230
19237
1924
19249
1925
19257
1926
19274
19289
19295
19296
19313
19318
19327
19334
19337
19338
19340
19342
19347
19351
19353
19354
19357
19360
19362
19366
19368
19370
19371
19373
19375
19377
19379
1939
19402
19415
19416
1945
1946
19460
19468
19492
19497
195
19521
19525
19534
1955
1957
19570
19595
19622
19628
19638
1964
19650
19656
19660
19669
19677
1969
19702
19703
19704
19708
19718
19722
19727
19728
19730
19760
19762
19774
19790
19794
19814
19871
19872
19874
19890
1990
19913
19923
19929
19962
19975
19980
19982
20003
20009
2001
20010
20012
20015
20017
20025
2004
20042
20049
2005
20069
20072
2008
2009
20129
20202
20206
20232
20240
20252
20256
20257
20261
20262
20272
2028
2029
203
2030
20301
20302
20303
20304
20312
20313
20314
20317
20320
20322
20325
20326
2033
20331
20337
20339
2034
20344
20349
20359
2036
20360
20361
20364
20369
2038
20386
2039
20398
20439
20440
20442
2045
20457
20458
20465
20467
2047
20471
20475
20493
20494
20495
20498
205
2050
20506
20507
2052
2054
2056
20561
20573
20599
206
20604
2061
20617
20619
20620
20621
20624
20626
20628
20632
20635
20636
2064
20640
20644
20645
20646
20649
20652
20653
20654
20656
20657
20658
20660
20661
20662
20687
20692
20694
207
2070
20702
20705
2071
20715
20718
20742
20750
20758
20762
20764
20766
20769
20775
20776
20781
20793
20794
20796
20799
20801
20805
20809
20813
20820
20828
20829
20835
20838
20840
20842
20849
20852
20853
20855
20858
20860
20861
20862
20863
20867
20868
20869
20874
20875
20877
20880
20882
20891
20892
20893
2090
20906
20911
20915
20924
20934
20935
20938
20939
20941
20950
20952
20960
20961
20970
20980
20981
20982
20987
20988
20990
20994
20996
20998
21004
21006
21007
21010
21012
21014
21017
21023
21024
21027
21028
21035
21040
2105
21050
21056
21057
21062
2108
21081
21085
21087
21097
21098
2110
21106
21112
21114
21116
21118
21119
21120
21122
21126
21127
21130
21132
21135
21139
21141
21143
21148
2115
21153
21157
21161
21168
21184
21192
21194
21205
21215
21217
21232
21234
21239
21254
21253
21260
21262
21263
21266
21268
21276
21279
21284
21291
21295
21301
21305
21306
21308
21317
21320
21321
21322
21323
21325
21326
21331
21332
21335
21336
21338
21344
21345
21349
21352
21355
21356
21360
21361
21363
21364
21365
21367
21370
21372
21375
21378
21381
21382
21385
21386
21389
21390
21396
21397
21398
21400
21402
21404
21410
21411
21412
21418
21427
21437
21438
21452
21459
21467
21468
21469
21472
21474
2148
2149
21491
21494
21497
21500
21505
21508
2152
2153
21533
21545
21548
21565
21574
2158
21583
21586
21592
21596
2160
21609
21636
21639
2164
21640
21644
21647
21651
21660
21665
21666
21668
21669
21674
21678
21681
21684
21687
21688
2169
21691
21693
21697
21698
2170
21700
21701
21712
21713
21716
21729
21730
21736
21747
2175
21750
21771
21785
21796
21845
21850
21859
21862
21865
21872
21881
21893
21897
21907
21908
21909
21910
21913
21916
21923
21926
21927
21931
21935
21943
21948
21950
21966
21976
21978
21980
21987
21993
22003
22010
22013
22017
22018
22030
22033
22051
22054
22056
22064
22066
22074
22079
22089
22092
22093
22107
22108
22115
22119
22143
22149
22169
22177
22182
22191
22195
22196
22199
222
22200
22202
22206
22208
22210
22214
22215
22225
22228
22232
22233
22235
22240
22241
22244
22245
22251
22252
22254
22259
22268
22271
22278
22280
22282
22284
22286
22288
22291
22292
22299
22300
22304
22305
22312
22326
22328
22341
22347
22348
22351
22361
22363
22385
22386
22388
22392
22398
22402
22407
22417
22418
22424
22426
22432
22434
22435
22448
22452
22454
22457
22461
22462
22471
22476
22486
22488
22489
2249
22495
22497
22513
22522
22532
22537
22544
22547
22556
22561
22564
22565
22567
2257
22571
22572
22577
22579
22583
22591
22593
22597
22605
22610
22614
22617
22618
22621
22627
22630
22635
22638
22642
22643
22644
22646
22653
22658
22665
22669
22670
22672
22677
22678
2268
22683
22686
22690
22694
227
2270
22704
22715
22722
22723
22727
22735
22737
22742
22748
22749
22752
22759
22791
22798
22799
22804
22805
22808
22810
22821
22825
22844
22846
22848
22849
22852
22853
22871
22874
22885
22886
22893
22894
22896
22897
2290
22903
22904
22909
22911
22916
22918
22921
22922
22931
2294
22945
22950
22958
22961
22971
22977
22980
22981
22982
22984
22989
2299
22991
23003
23009
23013
23016
23017
23018
23022
23041
2304
23043
23044
2305
231
23100
23101
23103
23104
23105
23106
23108
23109
23110
23111
23113
23117
23118
23121
23128
2313
23132
23137
23140
23141
23143
23147
23151
23158
23167
23170
23171
23174
23175
23176
23177
23178
23179
23184
23186
23190
23196
23198
232
2321
23211
23215
23220
23222
23223
23224
23225
23226
23230
23233
23236
23247
23259
23260
23263
23267
23269
23270
23273
23274
23276
23277
23278
23279
2328
23282
23284
23289
23292
23296
23297
23300
23302
23303
23304
23322
23323
23333
23336
2334
23343
23345
23358
23359
23360
23368
23379
23380
23381
23383
23384
23385
23387
23388
23393
23395
23396
234
23400
23402
23403
23410
23411
23414
23419
23420
23423
23429
23430
23435
23436
23437
23442
23449
23452
23459
23460
23463
23464
23466
23468
23470
23473
23475
23483
23488
23489
23490
